Vertex Count: 864

Data:

80.3552 0 0 0.75 1 0 -1 0
77.6172 0 20.7975 0.7917 1 0 -1 0
0 0 0 0.5 1 0 -1 0
77.6172 0 20.7975 0.7917 1 0 -1 0
69.5897 0 40.1776 0.8333 1 0 -1 0
0 0 0 0.5 1 0 -1 0
69.5897 0 40.1776 0.8333 1 0 -1 0
56.8197 0 56.8197 0.875 1 0 -1 0
0 0 0 0.5 1 0 -1 0
56.8197 0 56.8197 0.875 1 0 -1 0
40.1776 0 69.5897 0.9167 1 0 -1 0
0 0 0 0.5 1 0 -1 0
40.1776 0 69.5897 0.9167 1 0 -1 0
20.7975 0 77.6172 0.9583 1 0 -1 0
0 0 0 0.5 1 0 -1 0
20.7975 0 77.6172 0.9583 1 0 -1 0
0 0 80.3552 1 1 0 -1 0
0 0 0 0.5 1 0 -1 0
0 0 80.3552 0 1 0 -1 0
-20.7975 0 77.6172 0.0417 1 0 -1 0
0 0 0 0.5 1 0 -1 0
-20.7975 0 77.6172 0.0417 1 0 -1 0
-40.1776 0 69.5897 0.0833 1 0 -1 0
0 0 0 0.5 1 0 -1 0
-40.1776 0 69.5897 0.0833 1 0 -1 0
-56.8197 0 56.8197 0.125 1 0 -1 0
0 0 0 0.5 1 0 -1 0
-56.8197 0 56.8197 0.125 1 0 -1 0
-69.5897 0 40.1776 0.1667 1 0 -1 0
0 0 0 0.5 1 0 -1 0
-69.5897 0 40.1776 0.1667 1 0 -1 0
-77.6172 0 20.7975 0.2083 1 0 -1 0
0 0 0 0.5 1 0 -1 0
-77.6172 0 20.7975 0.2083 1 0 -1 0
-80.3552 0 0 0.25 1 0 -1 0
0 0 0 0.5 1 0 -1 0
-80.3552 0 0 0.25 1 0 -1 0
-77.6172 0 -20.7974 0.2917 1 0 -1 0
0 0 0 0.5 1 0 -1 0
-77.6172 0 -20.7974 0.2917 1 0 -1 0
-69.5897 0 -40.1776 0.3333 1 0 -1 0
0 0 0 0.5 1 0 -1 0
-69.5897 0 -40.1776 0.3333 1 0 -1 0
-56.8198 0 -56.8197 0.375 1 0 -1 0
0 0 0 0.5 1 0 -1 0
-56.8198 0 -56.8197 0.375 1 0 -1 0
-40.1776 0 -69.5896 0.4167 1 0 -1 0
0 0 0 0.5 1 0 -1 0
-40.1776 0 -69.5896 0.4167 1 0 -1 0
-20.7975 0 -77.6172 0.4583 1 0 -1 0
0 0 0 0.5 1 0 -1 0
-20.7975 0 -77.6172 0.4583 1 0 -1 0
-0 0 -80.3552 0.5 1 0 -1 0
0 0 0 0.5 1 0 -1 0
-0 0 -80.3552 0.5 1 0 -1 0
20.7974 0 -77.6172 0.5417 1 0 -1 0
0 0 0 0.5 1 0 -1 0
20.7974 0 -77.6172 0.5417 1 0 -1 0
40.1776 0 -69.5897 0.5833 1 0 -1 0
0 0 0 0.5 1 0 -1 0
40.1776 0 -69.5897 0.5833 1 0 -1 0
56.8197 0 -56.8198 0.625 1 0 -1 0
0 0 0 0.5 1 0 -1 0
56.8197 0 -56.8198 0.625 1 0 -1 0
69.5896 0 -40.1777 0.6667 1 0 -1 0
0 0 0 0.5 1 0 -1 0
69.5896 0 -40.1777 0.6667 1 0 -1 0
77.6172 0 -20.7975 0.7083 1 0 -1 0
0 0 0 0.5 1 0 -1 0
77.6172 0 -20.7975 0.7083 1 0 -1 0
80.3552 0 0 0.75 1 0 -1 0
0 0 0 0.5 1 0 -1 0
78.1378 2.2174 0 0.75 0.8 0.7071 0.7071 -0
75.4754 2.2174 20.2236 0.7917 0.8 0.683 0.7071 0.183
80.3552 0 0 0.75 1 0.7071 0.7071 -0
75.4754 2.2174 20.2236 0.7917 0.8 0.683 0.7071 0.183
77.6172 0 20.7975 0.7917 1 0.683 0.7071 0.183
80.3552 0 0 0.75 1 0.7071 0.7071 -0
75.4754 2.2174 20.2236 0.7917 0.8 0.683 0.7071 0.183
67.6693 2.2174 39.0689 0.8333 0.8 0.6124 0.7071 0.3536
77.6172 0 20.7975 0.7917 1 0.683 0.7071 0.183
67.6693 2.2174 39.0689 0.8333 0.8 0.6124 0.7071 0.3536
69.5897 0 40.1776 0.8333 1 0.6124 0.7071 0.3536
77.6172 0 20.7975 0.7917 1 0.683 0.7071 0.183
67.6693 2.2174 39.0689 0.8333 0.8 0.6124 0.7071 0.3536
55.2518 2.2174 55.2518 0.875 0.8 0.5 0.7071 0.5
69.5897 0 40.1776 0.8333 1 0.6124 0.7071 0.3536
55.2518 2.2174 55.2518 0.875 0.8 0.5 0.7071 0.5
56.8197 0 56.8197 0.875 1 0.5 0.7071 0.5
69.5897 0 40.1776 0.8333 1 0.6124 0.7071 0.3536
55.2518 2.2174 55.2518 0.875 0.8 0.5 0.7071 0.5
39.0689 2.2174 67.6694 0.9167 0.8 0.3536 0.7071 0.6124
56.8197 0 56.8197 0.875 1 0.5 0.7071 0.5
39.0689 2.2174 67.6694 0.9167 0.8 0.3536 0.7071 0.6124
40.1776 0 69.5897 0.9167 1 0.3536 0.7071 0.6124
56.8197 0 56.8197 0.875 1 0.5 0.7071 0.5
39.0689 2.2174 67.6694 0.9167 0.8 0.3536 0.7071 0.6124
20.2236 2.2174 75.4754 0.9583 0.8 0.183 0.7071 0.683
40.1776 0 69.5897 0.9167 1 0.3536 0.7071 0.6124
20.2236 2.2174 75.4754 0.9583 0.8 0.183 0.7071 0.683
20.7975 0 77.6172 0.9583 1 0.183 0.7071 0.683
40.1776 0 69.5897 0.9167 1 0.3536 0.7071 0.6124
20.2236 2.2174 75.4754 0.9583 0.8 0.183 0.7071 0.683
0 2.2174 78.1378 1 0.8 0 0.7071 0.7071
20.7975 0 77.6172 0.9583 1 0.183 0.7071 0.683
0 2.2174 78.1378 1 0.8 0 0.7071 0.7071
0 0 80.3552 1 1 0 0.7071 0.7071
20.7975 0 77.6172 0.9583 1 0.183 0.7071 0.683
0 2.2174 78.1378 0 0.8 0 0.7071 0.7071
-20.2236 2.2174 75.4754 0.0417 0.8 -0.183 0.7071 0.683
0 0 80.3552 0 1 0 0.7071 0.7071
-20.2236 2.2174 75.4754 0.0417 0.8 -0.183 0.7071 0.683
-20.7975 0 77.6172 0.0417 1 -0.183 0.7071 0.683
0 0 80.3552 0 1 0 0.7071 0.7071
-20.2236 2.2174 75.4754 0.0417 0.8 -0.183 0.7071 0.683
-39.0689 2.2174 67.6694 0.0833 0.8 -0.3536 0.7071 0.6124
-20.7975 0 77.6172 0.0417 1 -0.183 0.7071 0.683
-39.0689 2.2174 67.6694 0.0833 0.8 -0.3536 0.7071 0.6124
-40.1776 0 69.5897 0.0833 1 -0.3536 0.7071 0.6124
-20.7975 0 77.6172 0.0417 1 -0.183 0.7071 0.683
-39.0689 2.2174 67.6694 0.504 0.096 -0.3536 0.7071 0.6124
-55.2518 2.2174 55.2518 0.3824 0.096 -0.5 0.7071 0.5
-40.1776 0 69.5897 0.5058 0.0774 -0.3536 0.7071 0.6124
-55.2518 2.2174 55.2518 0.3824 0.096 -0.5 0.7071 0.5
-56.8197 0 56.8197 0.3807 0.0774 -0.5 0.7071 0.5
-40.1776 0 69.5897 0.5058 0.0774 -0.3536 0.7071 0.6124
-55.2518 2.2174 55.2518 0.3824 0.096 -0.5 0.7071 0.5
-67.6693 2.2174 39.0689 0.2649 0.1182 -0.6124 0.7071 0.3536
-56.8197 0 56.8197 0.3807 0.0774 -0.5 0.7071 0.5
-67.6693 2.2174 39.0689 0.2649 0.1182 -0.6124 0.7071 0.3536
-69.5897 0 40.1776 0.2598 0.1002 -0.6124 0.7071 0.3536
-56.8197 0 56.8197 0.3807 0.0774 -0.5 0.7071 0.5
-67.6693 2.2174 39.0689 0.2649 0.1182 -0.6124 0.7071 0.3536
-75.4753 2.2174 20.2236 0.1595 0.161 -0.683 0.7071 0.183
-69.5897 0 40.1776 0.2598 0.1002 -0.6124 0.7071 0.3536
-75.4753 2.2174 20.2236 0.1595 0.161 -0.683 0.7071 0.183
-77.6172 0 20.7975 0.1515 0.1442 -0.683 0.7071 0.183
-69.5897 0 40.1776 0.2598 0.1002 -0.6124 0.7071 0.3536
-75.4753 2.2174 20.2236 0.1595 0.161 -0.683 0.7071 0.183
-78.1378 2.2174 0 0.0735 0.2215 -0.7071 0.7071 0
-77.6172 0 20.7975 0.1515 0.1442 -0.683 0.7071 0.183
-78.1378 2.2174 0 0.0735 0.2215 -0.7071 0.7071 0
-80.3552 0 0 0.063 0.2065 -0.7071 0.7071 0
-77.6172 0 20.7975 0.1515 0.1442 -0.683 0.7071 0.183
-78.1378 2.2174 0 0.0735 0.2215 -0.7071 0.7071 0
-75.4754 2.2174 -20.2235 0.0127 0.2957 -0.683 0.7071 -0.183
-80.3552 0 0 0.063 0.2065 -0.7071 0.7071 0
-75.4754 2.2174 -20.2235 0.0127 0.2957 -0.683 0.7071 -0.183
-77.6172 0 -20.7974 0.0005 0.2828 -0.683 0.7071 -0.183
-80.3552 0 0 0.063 0.2065 -0.7071 0.7071 0
-75.4754 2.2174 -20.2235 0.904 0.6871 -0.683 0.7071 -0.183
-67.6694 2.2174 -39.0689 0.904 0.5654 -0.6124 0.7071 -0.3536
-77.6172 0 -20.7974 0.9226 0.6888 -0.683 0.7071 -0.183
-67.6694 2.2174 -39.0689 0.904 0.5654 -0.6124 0.7071 -0.3536
-69.5897 0 -40.1776 0.9226 0.5637 -0.6124 0.7071 -0.3536
-77.6172 0 -20.7974 0.9226 0.6888 -0.683 0.7071 -0.183
-67.6694 2.2174 -39.0689 0.904 0.5654 -0.6124 0.7071 -0.3536
-55.2518 2.2174 -55.2518 0.8818 0.4479 -0.5 0.7071 -0.5
-69.5897 0 -40.1776 0.9226 0.5637 -0.6124 0.7071 -0.3536
-55.2518 2.2174 -55.2518 0.8818 0.4479 -0.5 0.7071 -0.5
-56.8198 0 -56.8197 0.8998 0.4429 -0.5 0.7071 -0.5
-69.5897 0 -40.1776 0.9226 0.5637 -0.6124 0.7071 -0.3536
-55.2518 2.2174 -55.2518 0.8818 0.4479 -0.5 0.7071 -0.5
-39.0689 2.2174 -67.6693 0.839 0.3426 -0.3536 0.7071 -0.6124
-56.8198 0 -56.8197 0.8998 0.4429 -0.5 0.7071 -0.5
-39.0689 2.2174 -67.6693 0.839 0.3426 -0.3536 0.7071 -0.6124
-40.1776 0 -69.5896 0.8558 0.3345 -0.3536 0.7071 -0.6124
-56.8198 0 -56.8197 0.8998 0.4429 -0.5 0.7071 -0.5
-39.0689 2.2174 -67.6693 0.839 0.3426 -0.3536 0.7071 -0.6124
-20.2236 2.2174 -75.4753 0.7785 0.2566 -0.183 0.7071 -0.683
-40.1776 0 -69.5896 0.8558 0.3345 -0.3536 0.7071 -0.6124
-20.2236 2.2174 -75.4753 0.7785 0.2566 -0.183 0.7071 -0.683
-20.7975 0 -77.6172 0.7935 0.2461 -0.183 0.7071 -0.683
-40.1776 0 -69.5896 0.8558 0.3345 -0.3536 0.7071 -0.6124
-20.2236 2.2174 -75.4753 0.7785 0.2566 -0.183 0.7071 -0.683
-0 2.2174 -78.1378 0.7043 0.1958 -0 0.7071 -0.7071
-20.7975 0 -77.6172 0.7935 0.2461 -0.183 0.7071 -0.683
-0 2.2174 -78.1378 0.7043 0.1958 -0 0.7071 -0.7071
-0 0 -80.3552 0.7172 0.1835 -0 0.7071 -0.7071
-20.7975 0 -77.6172 0.7935 0.2461 -0.183 0.7071 -0.683
-0 2.2174 -78.1378 0.9809 0.468 -0 0.7071 -0.7071
20.2235 2.2174 -75.4754 0.9809 0.3464 0.183 0.7071 -0.683
-0 0 -80.3552 0.9995 0.4698 -0 0.7071 -0.7071
20.2235 2.2174 -75.4754 0.9809 0.3464 0.183 0.7071 -0.683
20.7974 0 -77.6172 0.9995 0.3447 0.183 0.7071 -0.683
-0 0 -80.3552 0.9995 0.4698 -0 0.7071 -0.7071
20.2235 2.2174 -75.4754 0.9809 0.3464 0.183 0.7071 -0.683
39.0689 2.2174 -67.6694 0.9587 0.2289 0.3536 0.7071 -0.6124
20.7974 0 -77.6172 0.9995 0.3447 0.183 0.7071 -0.683
39.0689 2.2174 -67.6694 0.9587 0.2289 0.3536 0.7071 -0.6124
40.1776 0 -69.5897 0.9767 0.2238 0.3536 0.7071 -0.6124
20.7974 0 -77.6172 0.9995 0.3447 0.183 0.7071 -0.683
39.0689 2.2174 -67.6694 0.9587 0.2289 0.3536 0.7071 -0.6124
55.2518 2.2174 -55.2518 0.9159 0.1236 0.5 0.7071 -0.5
40.1776 0 -69.5897 0.9767 0.2238 0.3536 0.7071 -0.6124
55.2518 2.2174 -55.2518 0.9159 0.1236 0.5 0.7071 -0.5
56.8197 0 -56.8198 0.9327 0.1155 0.5 0.7071 -0.5
40.1776 0 -69.5897 0.9767 0.2238 0.3536 0.7071 -0.6124
55.2518 2.2174 -55.2518 0.9159 0.1236 0.5 0.7071 -0.5
67.6693 2.2174 -39.069 0.8553 0.0375 0.6124 0.7071 -0.3536
56.8197 0 -56.8198 0.9327 0.1155 0.5 0.7071 -0.5
67.6693 2.2174 -39.069 0.8553 0.0375 0.6124 0.7071 -0.3536
69.5896 0 -40.1777 0.8704 0.0271 0.6124 0.7071 -0.3536
56.8197 0 -56.8198 0.9327 0.1155 0.5 0.7071 -0.5
67.6693 2.2174 -39.069 0.6667 0.8 0.6124 0.7071 -0.3536
75.4753 2.2174 -20.2236 0.7083 0.8 0.683 0.7071 -0.183
69.5896 0 -40.1777 0.6667 1 0.6124 0.7071 -0.3536
75.4753 2.2174 -20.2236 0.7083 0.8 0.683 0.7071 -0.183
77.6172 0 -20.7975 0.7083 1 0.683 0.7071 -0.183
69.5896 0 -40.1777 0.6667 1 0.6124 0.7071 -0.3536
75.4753 2.2174 -20.2236 0.7083 0.8 0.683 0.7071 -0.183
78.1378 2.2174 0 0.75 0.8 0.7071 0.7071 -0
77.6172 0 -20.7975 0.7083 1 0.683 0.7071 -0.183
78.1378 2.2174 0 0.75 0.8 0.7071 0.7071 -0
80.3552 0 0 0.75 1 0.7071 0.7071 -0
77.6172 0 -20.7975 0.7083 1 0.683 0.7071 -0.183
75.9205 4.4348 0 0.75 0.6 0.7071 0.7071 -0
73.3335 4.4348 19.6497 0.7917 0.6 0.683 0.7071 0.183
78.1378 2.2174 0 0.75 0.8 0.7071 0.7071 -0
73.3335 4.4348 19.6497 0.7917 0.6 0.683 0.7071 0.183
75.4754 2.2174 20.2236 0.7917 0.8 0.683 0.7071 0.183
78.1378 2.2174 0 0.75 0.8 0.7071 0.7071 -0
73.3335 4.4348 19.6497 0.7917 0.6 0.683 0.7071 0.183
65.749 4.4348 37.9602 0.8333 0.6 0.6124 0.7071 0.3536
75.4754 2.2174 20.2236 0.7917 0.8 0.683 0.7071 0.183
65.749 4.4348 37.9602 0.8333 0.6 0.6124 0.7071 0.3536
67.6693 2.2174 39.0689 0.8333 0.8 0.6124 0.7071 0.3536
75.4754 2.2174 20.2236 0.7917 0.8 0.683 0.7071 0.183
65.749 4.4348 37.9602 0.8333 0.6 0.6124 0.7071 0.3536
53.6839 4.4348 53.6839 0.875 0.6 0.5 0.7071 0.5
67.6693 2.2174 39.0689 0.8333 0.8 0.6124 0.7071 0.3536
53.6839 4.4348 53.6839 0.875 0.6 0.5 0.7071 0.5
55.2518 2.2174 55.2518 0.875 0.8 0.5 0.7071 0.5
67.6693 2.2174 39.0689 0.8333 0.8 0.6124 0.7071 0.3536
53.6839 4.4348 53.6839 0.875 0.6 0.5 0.7071 0.5
37.9602 4.4348 65.7491 0.9167 0.6 0.3536 0.7071 0.6124
55.2518 2.2174 55.2518 0.875 0.8 0.5 0.7071 0.5
37.9602 4.4348 65.7491 0.9167 0.6 0.3536 0.7071 0.6124
39.0689 2.2174 67.6694 0.9167 0.8 0.3536 0.7071 0.6124
55.2518 2.2174 55.2518 0.875 0.8 0.5 0.7071 0.5
37.9602 4.4348 65.7491 0.9167 0.6 0.3536 0.7071 0.6124
19.6497 4.4348 73.3335 0.9583 0.6 0.183 0.7071 0.683
39.0689 2.2174 67.6694 0.9167 0.8 0.3536 0.7071 0.6124
19.6497 4.4348 73.3335 0.9583 0.6 0.183 0.7071 0.683
20.2236 2.2174 75.4754 0.9583 0.8 0.183 0.7071 0.683
39.0689 2.2174 67.6694 0.9167 0.8 0.3536 0.7071 0.6124
19.6497 4.4348 73.3335 0.9583 0.6 0.183 0.7071 0.683
0 4.4348 75.9205 1 0.6 0 0.7071 0.7071
20.2236 2.2174 75.4754 0.9583 0.8 0.183 0.7071 0.683
0 4.4348 75.9205 1 0.6 0 0.7071 0.7071
0 2.2174 78.1378 1 0.8 0 0.7071 0.7071
20.2236 2.2174 75.4754 0.9583 0.8 0.183 0.7071 0.683
0 4.4348 75.9205 0 0.6 0 0.7071 0.7071
-19.6497 4.4348 73.3335 0.0417 0.6 -0.183 0.7071 0.683
0 2.2174 78.1378 0 0.8 0 0.7071 0.7071
-19.6497 4.4348 73.3335 0.0417 0.6 -0.183 0.7071 0.683
-20.2236 2.2174 75.4754 0.0417 0.8 -0.183 0.7071 0.683
0 2.2174 78.1378 0 0.8 0 0.7071 0.7071
-19.6497 4.4348 73.3335 0.0417 0.6 -0.183 0.7071 0.683
-37.9602 4.4348 65.7491 0.0833 0.6 -0.3536 0.7071 0.6124
-20.2236 2.2174 75.4754 0.0417 0.8 -0.183 0.7071 0.683
-37.9602 4.4348 65.7491 0.0833 0.6 -0.3536 0.7071 0.6124
-39.0689 2.2174 67.6694 0.0833 0.8 -0.3536 0.7071 0.6124
-20.2236 2.2174 75.4754 0.0417 0.8 -0.183 0.7071 0.683
-37.9602 4.4348 65.7491 0.5023 0.1146 -0.3536 0.7071 0.6124
-53.6839 4.4348 53.6839 0.3841 0.1146 -0.5 0.7071 0.5
-39.0689 2.2174 67.6694 0.504 0.096 -0.3536 0.7071 0.6124
-53.6839 4.4348 53.6839 0.3841 0.1146 -0.5 0.7071 0.5
-55.2518 2.2174 55.2518 0.3824 0.096 -0.5 0.7071 0.5
-39.0689 2.2174 67.6694 0.504 0.096 -0.3536 0.7071 0.6124
-53.6839 4.4348 53.6839 0.3841 0.1146 -0.5 0.7071 0.5
-65.749 4.4348 37.9603 0.27 0.1361 -0.6124 0.7071 0.3536
-55.2518 2.2174 55.2518 0.3824 0.096 -0.5 0.7071 0.5
-65.749 4.4348 37.9603 0.27 0.1361 -0.6124 0.7071 0.3536
-67.6693 2.2174 39.0689 0.2649 0.1182 -0.6124 0.7071 0.3536
-55.2518 2.2174 55.2518 0.3824 0.096 -0.5 0.7071 0.5
-65.749 4.4348 37.9603 0.27 0.1361 -0.6124 0.7071 0.3536
-73.3335 4.4348 19.6497 0.1676 0.1778 -0.683 0.7071 0.183
-67.6693 2.2174 39.0689 0.2649 0.1182 -0.6124 0.7071 0.3536
-73.3335 4.4348 19.6497 0.1676 0.1778 -0.683 0.7071 0.183
-75.4753 2.2174 20.2236 0.1595 0.161 -0.683 0.7071 0.183
-67.6693 2.2174 39.0689 0.2649 0.1182 -0.6124 0.7071 0.3536
-73.3335 4.4348 19.6497 0.1676 0.1778 -0.683 0.7071 0.183
-75.9205 4.4348 0 0.084 0.2366 -0.7071 0.7071 0
-75.4753 2.2174 20.2236 0.1595 0.161 -0.683 0.7071 0.183
-75.9205 4.4348 0 0.084 0.2366 -0.7071 0.7071 0
-78.1378 2.2174 0 0.0735 0.2215 -0.7071 0.7071 0
-75.4753 2.2174 20.2236 0.1595 0.161 -0.683 0.7071 0.183
-75.9205 4.4348 0 0.084 0.2366 -0.7071 0.7071 0
-73.3335 4.4348 -19.6496 0.0249 0.3087 -0.683 0.7071 -0.183
-78.1378 2.2174 0 0.0735 0.2215 -0.7071 0.7071 0
-73.3335 4.4348 -19.6496 0.0249 0.3087 -0.683 0.7071 -0.183
-75.4754 2.2174 -20.2235 0.0127 0.2957 -0.683 0.7071 -0.183
-78.1378 2.2174 0 0.0735 0.2215 -0.7071 0.7071 0
-73.3335 4.4348 -19.6496 0.8854 0.6853 -0.683 0.7071 -0.183
-65.7491 4.4348 -37.9602 0.8854 0.5671 -0.6124 0.7071 -0.3536
-75.4754 2.2174 -20.2235 0.904 0.6871 -0.683 0.7071 -0.183
-65.7491 4.4348 -37.9602 0.8854 0.5671 -0.6124 0.7071 -0.3536
-67.6694 2.2174 -39.0689 0.904 0.5654 -0.6124 0.7071 -0.3536
-75.4754 2.2174 -20.2235 0.904 0.6871 -0.683 0.7071 -0.183
-65.7491 4.4348 -37.9602 0.8854 0.5671 -0.6124 0.7071 -0.3536
-53.6839 4.4348 -53.6838 0.8639 0.453 -0.5 0.7071 -0.5
-67.6694 2.2174 -39.0689 0.904 0.5654 -0.6124 0.7071 -0.3536
-53.6839 4.4348 -53.6838 0.8639 0.453 -0.5 0.7071 -0.5
-55.2518 2.2174 -55.2518 0.8818 0.4479 -0.5 0.7071 -0.5
-67.6694 2.2174 -39.0689 0.904 0.5654 -0.6124 0.7071 -0.3536
-53.6839 4.4348 -53.6838 0.8639 0.453 -0.5 0.7071 -0.5
-37.9603 4.4348 -65.749 0.8222 0.3506 -0.3536 0.7071 -0.6124
-55.2518 2.2174 -55.2518 0.8818 0.4479 -0.5 0.7071 -0.5
-37.9603 4.4348 -65.749 0.8222 0.3506 -0.3536 0.7071 -0.6124
-39.0689 2.2174 -67.6693 0.839 0.3426 -0.3536 0.7071 -0.6124
-55.2518 2.2174 -55.2518 0.8818 0.4479 -0.5 0.7071 -0.5
-37.9603 4.4348 -65.749 0.8222 0.3506 -0.3536 0.7071 -0.6124
-19.6497 4.4348 -73.3335 0.7634 0.2671 -0.183 0.7071 -0.683
-39.0689 2.2174 -67.6693 0.839 0.3426 -0.3536 0.7071 -0.6124
-19.6497 4.4348 -73.3335 0.7634 0.2671 -0.183 0.7071 -0.683
-20.2236 2.2174 -75.4753 0.7785 0.2566 -0.183 0.7071 -0.683
-39.0689 2.2174 -67.6693 0.839 0.3426 -0.3536 0.7071 -0.6124
-19.6497 4.4348 -73.3335 0.7634 0.2671 -0.183 0.7071 -0.683
-0 4.4348 -75.9204 0.6913 0.208 -0 0.7071 -0.7071
-20.2236 2.2174 -75.4753 0.7785 0.2566 -0.183 0.7071 -0.683
-0 4.4348 -75.9204 0.6913 0.208 -0 0.7071 -0.7071
-0 2.2174 -78.1378 0.7043 0.1958 -0 0.7071 -0.7071
-20.2236 2.2174 -75.4753 0.7785 0.2566 -0.183 0.7071 -0.683
-0 4.4348 -75.9204 0.9623 0.4663 -0 0.7071 -0.7071
19.6496 4.4348 -73.3335 0.9623 0.3481 0.183 0.7071 -0.683
-0 2.2174 -78.1378 0.9809 0.468 -0 0.7071 -0.7071
19.6496 4.4348 -73.3335 0.9623 0.3481 0.183 0.7071 -0.683
20.2235 2.2174 -75.4754 0.9809 0.3464 0.183 0.7071 -0.683
-0 2.2174 -78.1378 0.9809 0.468 -0 0.7071 -0.7071
19.6496 4.4348 -73.3335 0.9623 0.3481 0.183 0.7071 -0.683
37.9602 4.4348 -65.7491 0.9407 0.234 0.3536 0.7071 -0.6124
20.2235 2.2174 -75.4754 0.9809 0.3464 0.183 0.7071 -0.683
37.9602 4.4348 -65.7491 0.9407 0.234 0.3536 0.7071 -0.6124
39.0689 2.2174 -67.6694 0.9587 0.2289 0.3536 0.7071 -0.6124
20.2235 2.2174 -75.4754 0.9809 0.3464 0.183 0.7071 -0.683
37.9602 4.4348 -65.7491 0.9407 0.234 0.3536 0.7071 -0.6124
53.6838 4.4348 -53.6839 0.8991 0.1316 0.5 0.7071 -0.5
39.0689 2.2174 -67.6694 0.9587 0.2289 0.3536 0.7071 -0.6124
53.6838 4.4348 -53.6839 0.8991 0.1316 0.5 0.7071 -0.5
55.2518 2.2174 -55.2518 0.9159 0.1236 0.5 0.7071 -0.5
39.0689 2.2174 -67.6694 0.9587 0.2289 0.3536 0.7071 -0.6124
53.6838 4.4348 -53.6839 0.8991 0.1316 0.5 0.7071 -0.5
65.749 4.4348 -37.9603 0.8403 0.048 0.6124 0.7071 -0.3536
55.2518 2.2174 -55.2518 0.9159 0.1236 0.5 0.7071 -0.5
65.749 4.4348 -37.9603 0.8403 0.048 0.6124 0.7071 -0.3536
67.6693 2.2174 -39.069 0.8553 0.0375 0.6124 0.7071 -0.3536
55.2518 2.2174 -55.2518 0.9159 0.1236 0.5 0.7071 -0.5
65.749 4.4348 -37.9603 0.6667 0.6 0.6124 0.7071 -0.3536
73.3335 4.4348 -19.6497 0.7083 0.6 0.683 0.7071 -0.183
67.6693 2.2174 -39.069 0.6667 0.8 0.6124 0.7071 -0.3536
73.3335 4.4348 -19.6497 0.7083 0.6 0.683 0.7071 -0.183
75.4753 2.2174 -20.2236 0.7083 0.8 0.683 0.7071 -0.183
67.6693 2.2174 -39.069 0.6667 0.8 0.6124 0.7071 -0.3536
73.3335 4.4348 -19.6497 0.7083 0.6 0.683 0.7071 -0.183
75.9205 4.4348 0 0.75 0.6 0.7071 0.7071 -0
75.4753 2.2174 -20.2236 0.7083 0.8 0.683 0.7071 -0.183
75.9205 4.4348 0 0.75 0.6 0.7071 0.7071 -0
78.1378 2.2174 0 0.75 0.8 0.7071 0.7071 -0
75.4753 2.2174 -20.2236 0.7083 0.8 0.683 0.7071 -0.183
73.7031 6.6522 0 0.75 0.4 0.7071 0.7071 -0
71.1917 6.6522 19.0758 0.7917 0.4 0.683 0.7071 0.183
75.9205 4.4348 0 0.75 0.6 0.7071 0.7071 -0
71.1917 6.6522 19.0758 0.7917 0.4 0.683 0.7071 0.183
73.3335 4.4348 19.6497 0.7917 0.6 0.683 0.7071 0.183
75.9205 4.4348 0 0.75 0.6 0.7071 0.7071 -0
71.1917 6.6522 19.0758 0.7917 0.4 0.683 0.7071 0.183
63.8287 6.6522 36.8515 0.8333 0.4 0.6124 0.7071 0.3536
73.3335 4.4348 19.6497 0.7917 0.6 0.683 0.7071 0.183
63.8287 6.6522 36.8515 0.8333 0.4 0.6124 0.7071 0.3536
65.749 4.4348 37.9602 0.8333 0.6 0.6124 0.7071 0.3536
73.3335 4.4348 19.6497 0.7917 0.6 0.683 0.7071 0.183
63.8287 6.6522 36.8515 0.8333 0.4 0.6124 0.7071 0.3536
52.1159 6.6522 52.1159 0.875 0.4 0.5 0.7071 0.5
65.749 4.4348 37.9602 0.8333 0.6 0.6124 0.7071 0.3536
52.1159 6.6522 52.1159 0.875 0.4 0.5 0.7071 0.5
53.6839 4.4348 53.6839 0.875 0.6 0.5 0.7071 0.5
65.749 4.4348 37.9602 0.8333 0.6 0.6124 0.7071 0.3536
52.1159 6.6522 52.1159 0.875 0.4 0.5 0.7071 0.5
36.8515 6.6522 63.8287 0.9167 0.4 0.3536 0.7071 0.6124
53.6839 4.4348 53.6839 0.875 0.6 0.5 0.7071 0.5
36.8515 6.6522 63.8287 0.9167 0.4 0.3536 0.7071 0.6124
37.9602 4.4348 65.7491 0.9167 0.6 0.3536 0.7071 0.6124
53.6839 4.4348 53.6839 0.875 0.6 0.5 0.7071 0.5
36.8515 6.6522 63.8287 0.9167 0.4 0.3536 0.7071 0.6124
19.0758 6.6522 71.1917 0.9583 0.4 0.183 0.7071 0.683
37.9602 4.4348 65.7491 0.9167 0.6 0.3536 0.7071 0.6124
19.0758 6.6522 71.1917 0.9583 0.4 0.183 0.7071 0.683
19.6497 4.4348 73.3335 0.9583 0.6 0.183 0.7071 0.683
37.9602 4.4348 65.7491 0.9167 0.6 0.3536 0.7071 0.6124
19.0758 6.6522 71.1917 0.9583 0.4 0.183 0.7071 0.683
0 6.6522 73.7031 1 0.4 0 0.7071 0.7071
19.6497 4.4348 73.3335 0.9583 0.6 0.183 0.7071 0.683
0 6.6522 73.7031 1 0.4 0 0.7071 0.7071
0 4.4348 75.9205 1 0.6 0 0.7071 0.7071
19.6497 4.4348 73.3335 0.9583 0.6 0.183 0.7071 0.683
0 6.6522 73.7031 0 0.4 0 0.7071 0.7071
-19.0757 6.6522 71.1917 0.0417 0.4 -0.183 0.7071 0.683
0 4.4348 75.9205 0 0.6 0 0.7071 0.7071
-19.0757 6.6522 71.1917 0.0417 0.4 -0.183 0.7071 0.683
-19.6497 4.4348 73.3335 0.0417 0.6 -0.183 0.7071 0.683
0 4.4348 75.9205 0 0.6 0 0.7071 0.7071
-19.0757 6.6522 71.1917 0.0417 0.4 -0.183 0.7071 0.683
-36.8515 6.6522 63.8287 0.0833 0.4 -0.3536 0.7071 0.6124
-19.6497 4.4348 73.3335 0.0417 0.6 -0.183 0.7071 0.683
-36.8515 6.6522 63.8287 0.0833 0.4 -0.3536 0.7071 0.6124
-37.9602 4.4348 65.7491 0.0833 0.6 -0.3536 0.7071 0.6124
-19.6497 4.4348 73.3335 0.0417 0.6 -0.183 0.7071 0.683
-36.8515 6.6522 63.8287 0.5006 0.1332 -0.3536 0.7071 0.6124
-52.1159 6.6522 52.116 0.3858 0.1332 -0.5 0.7071 0.5
-37.9602 4.4348 65.7491 0.5023 0.1146 -0.3536 0.7071 0.6124
-52.1159 6.6522 52.116 0.3858 0.1332 -0.5 0.7071 0.5
-53.6839 4.4348 53.6839 0.3841 0.1146 -0.5 0.7071 0.5
-37.9602 4.4348 65.7491 0.5023 0.1146 -0.3536 0.7071 0.6124
-52.1159 6.6522 52.116 0.3858 0.1332 -0.5 0.7071 0.5
-63.8287 6.6522 36.8516 0.275 0.1541 -0.6124 0.7071 0.3536
-53.6839 4.4348 53.6839 0.3841 0.1146 -0.5 0.7071 0.5
-63.8287 6.6522 36.8516 0.275 0.1541 -0.6124 0.7071 0.3536
-65.749 4.4348 37.9603 0.27 0.1361 -0.6124 0.7071 0.3536
-53.6839 4.4348 53.6839 0.3841 0.1146 -0.5 0.7071 0.5
-63.8287 6.6522 36.8516 0.275 0.1541 -0.6124 0.7071 0.3536
-71.1917 6.6522 19.0758 0.1756 0.1945 -0.683 0.7071 0.183
-65.749 4.4348 37.9603 0.27 0.1361 -0.6124 0.7071 0.3536
-71.1917 6.6522 19.0758 0.1756 0.1945 -0.683 0.7071 0.183
-73.3335 4.4348 19.6497 0.1676 0.1778 -0.683 0.7071 0.183
-65.749 4.4348 37.9603 0.27 0.1361 -0.6124 0.7071 0.3536
-71.1917 6.6522 19.0758 0.1756 0.1945 -0.683 0.7071 0.183
-73.7031 6.6522 0 0.0945 0.2517 -0.7071 0.7071 0
-73.3335 4.4348 19.6497 0.1676 0.1778 -0.683 0.7071 0.183
-73.7031 6.6522 0 0.0945 0.2517 -0.7071 0.7071 0
-75.9205 4.4348 0 0.084 0.2366 -0.7071 0.7071 0
-73.3335 4.4348 19.6497 0.1676 0.1778 -0.683 0.7071 0.183
-73.7031 6.6522 0 0.0945 0.2517 -0.7071 0.7071 0
-71.1917 6.6522 -19.0757 0.0371 0.3216 -0.683 0.7071 -0.183
-75.9205 4.4348 0 0.084 0.2366 -0.7071 0.7071 0
-71.1917 6.6522 -19.0757 0.0371 0.3216 -0.683 0.7071 -0.183
-73.3335 4.4348 -19.6496 0.0249 0.3087 -0.683 0.7071 -0.183
-75.9205 4.4348 0 0.084 0.2366 -0.7071 0.7071 0
-71.1917 6.6522 -19.0757 0.8668 0.6836 -0.683 0.7071 -0.183
-63.8287 6.6522 -36.8515 0.8668 0.5689 -0.6124 0.7071 -0.3536
-73.3335 4.4348 -19.6496 0.8854 0.6853 -0.683 0.7071 -0.183
-63.8287 6.6522 -36.8515 0.8668 0.5689 -0.6124 0.7071 -0.3536
-65.7491 4.4348 -37.9602 0.8854 0.5671 -0.6124 0.7071 -0.3536
-73.3335 4.4348 -19.6496 0.8854 0.6853 -0.683 0.7071 -0.183
-63.8287 6.6522 -36.8515 0.8668 0.5689 -0.6124 0.7071 -0.3536
-52.116 6.6522 -52.1159 0.8459 0.458 -0.5 0.7071 -0.5
-65.7491 4.4348 -37.9602 0.8854 0.5671 -0.6124 0.7071 -0.3536
-52.116 6.6522 -52.1159 0.8459 0.458 -0.5 0.7071 -0.5
-53.6839 4.4348 -53.6838 0.8639 0.453 -0.5 0.7071 -0.5
-65.7491 4.4348 -37.9602 0.8854 0.5671 -0.6124 0.7071 -0.3536
-52.116 6.6522 -52.1159 0.8459 0.458 -0.5 0.7071 -0.5
-36.8516 6.6522 -63.8287 0.8055 0.3587 -0.3536 0.7071 -0.6124
-53.6839 4.4348 -53.6838 0.8639 0.453 -0.5 0.7071 -0.5
-36.8516 6.6522 -63.8287 0.8055 0.3587 -0.3536 0.7071 -0.6124
-37.9603 4.4348 -65.749 0.8222 0.3506 -0.3536 0.7071 -0.6124
-53.6839 4.4348 -53.6838 0.8639 0.453 -0.5 0.7071 -0.5
-36.8516 6.6522 -63.8287 0.8055 0.3587 -0.3536 0.7071 -0.6124
-19.0758 6.6522 -71.1917 0.7483 0.2776 -0.183 0.7071 -0.683
-37.9603 4.4348 -65.749 0.8222 0.3506 -0.3536 0.7071 -0.6124
-19.0758 6.6522 -71.1917 0.7483 0.2776 -0.183 0.7071 -0.683
-19.6497 4.4348 -73.3335 0.7634 0.2671 -0.183 0.7071 -0.683
-37.9603 4.4348 -65.749 0.8222 0.3506 -0.3536 0.7071 -0.6124
-19.0758 6.6522 -71.1917 0.7483 0.2776 -0.183 0.7071 -0.683
-0 6.6522 -73.7031 0.6784 0.2202 -0 0.7071 -0.7071
-19.6497 4.4348 -73.3335 0.7634 0.2671 -0.183 0.7071 -0.683
-0 6.6522 -73.7031 0.6784 0.2202 -0 0.7071 -0.7071
-0 4.4348 -75.9204 0.6913 0.208 -0 0.7071 -0.7071
-19.6497 4.4348 -73.3335 0.7634 0.2671 -0.183 0.7071 -0.683
-0 6.6522 -73.7031 0.9436 0.4646 -0 0.7071 -0.7071
19.0757 6.6522 -71.1917 0.9436 0.3498 0.183 0.7071 -0.683
-0 4.4348 -75.9204 0.9623 0.4663 -0 0.7071 -0.7071
19.0757 6.6522 -71.1917 0.9436 0.3498 0.183 0.7071 -0.683
19.6496 4.4348 -73.3335 0.9623 0.3481 0.183 0.7071 -0.683
-0 4.4348 -75.9204 0.9623 0.4663 -0 0.7071 -0.7071
19.0757 6.6522 -71.1917 0.9436 0.3498 0.183 0.7071 -0.683
36.8515 6.6522 -63.8287 0.9227 0.239 0.3536 0.7071 -0.6124
19.6496 4.4348 -73.3335 0.9623 0.3481 0.183 0.7071 -0.683
36.8515 6.6522 -63.8287 0.9227 0.239 0.3536 0.7071 -0.6124
37.9602 4.4348 -65.7491 0.9407 0.234 0.3536 0.7071 -0.6124
19.6496 4.4348 -73.3335 0.9623 0.3481 0.183 0.7071 -0.683
36.8515 6.6522 -63.8287 0.9227 0.239 0.3536 0.7071 -0.6124
52.1159 6.6522 -52.116 0.8823 0.1397 0.5 0.7071 -0.5
37.9602 4.4348 -65.7491 0.9407 0.234 0.3536 0.7071 -0.6124
52.1159 6.6522 -52.116 0.8823 0.1397 0.5 0.7071 -0.5
53.6838 4.4348 -53.6839 0.8991 0.1316 0.5 0.7071 -0.5
37.9602 4.4348 -65.7491 0.9407 0.234 0.3536 0.7071 -0.6124
52.1159 6.6522 -52.116 0.8823 0.1397 0.5 0.7071 -0.5
63.8287 6.6522 -36.8516 0.8252 0.0585 0.6124 0.7071 -0.3536
53.6838 4.4348 -53.6839 0.8991 0.1316 0.5 0.7071 -0.5
63.8287 6.6522 -36.8516 0.8252 0.0585 0.6124 0.7071 -0.3536
65.749 4.4348 -37.9603 0.8403 0.048 0.6124 0.7071 -0.3536
53.6838 4.4348 -53.6839 0.8991 0.1316 0.5 0.7071 -0.5
63.8287 6.6522 -36.8516 0.6667 0.4 0.6124 0.7071 -0.3536
71.1917 6.6522 -19.0758 0.7083 0.4 0.683 0.7071 -0.183
65.749 4.4348 -37.9603 0.6667 0.6 0.6124 0.7071 -0.3536
71.1917 6.6522 -19.0758 0.7083 0.4 0.683 0.7071 -0.183
73.3335 4.4348 -19.6497 0.7083 0.6 0.683 0.7071 -0.183
65.749 4.4348 -37.9603 0.6667 0.6 0.6124 0.7071 -0.3536
71.1917 6.6522 -19.0758 0.7083 0.4 0.683 0.7071 -0.183
73.7031 6.6522 0 0.75 0.4 0.7071 0.7071 -0
73.3335 4.4348 -19.6497 0.7083 0.6 0.683 0.7071 -0.183
73.7031 6.6522 0 0.75 0.4 0.7071 0.7071 -0
75.9205 4.4348 0 0.75 0.6 0.7071 0.7071 -0
73.3335 4.4348 -19.6497 0.7083 0.6 0.683 0.7071 -0.183
71.4857 8.8695 0 0.75 0.2 0.7071 0.7071 -0
69.0499 8.8695 18.5019 0.7917 0.2 0.683 0.7071 0.183
73.7031 6.6522 0 0.75 0.4 0.7071 0.7071 -0
69.0499 8.8695 18.5019 0.7917 0.2 0.683 0.7071 0.183
71.1917 6.6522 19.0758 0.7917 0.4 0.683 0.7071 0.183
73.7031 6.6522 0 0.75 0.4 0.7071 0.7071 -0
69.0499 8.8695 18.5019 0.7917 0.2 0.683 0.7071 0.183
61.9084 8.8695 35.7428 0.8333 0.2 0.6124 0.7071 0.3536
71.1917 6.6522 19.0758 0.7917 0.4 0.683 0.7071 0.183
61.9084 8.8695 35.7428 0.8333 0.2 0.6124 0.7071 0.3536
63.8287 6.6522 36.8515 0.8333 0.4 0.6124 0.7071 0.3536
71.1917 6.6522 19.0758 0.7917 0.4 0.683 0.7071 0.183
61.9084 8.8695 35.7428 0.8333 0.2 0.6124 0.7071 0.3536
50.548 8.8695 50.548 0.875 0.2 0.5 0.7071 0.5
63.8287 6.6522 36.8515 0.8333 0.4 0.6124 0.7071 0.3536
50.548 8.8695 50.548 0.875 0.2 0.5 0.7071 0.5
52.1159 6.6522 52.1159 0.875 0.4 0.5 0.7071 0.5
63.8287 6.6522 36.8515 0.8333 0.4 0.6124 0.7071 0.3536
50.548 8.8695 50.548 0.875 0.2 0.5 0.7071 0.5
35.7428 8.8695 61.9084 0.9167 0.2 0.3536 0.7071 0.6124
52.1159 6.6522 52.1159 0.875 0.4 0.5 0.7071 0.5
35.7428 8.8695 61.9084 0.9167 0.2 0.3536 0.7071 0.6124
36.8515 6.6522 63.8287 0.9167 0.4 0.3536 0.7071 0.6124
52.1159 6.6522 52.1159 0.875 0.4 0.5 0.7071 0.5
35.7428 8.8695 61.9084 0.9167 0.2 0.3536 0.7071 0.6124
18.5019 8.8695 69.0499 0.9583 0.2 0.183 0.7071 0.683
36.8515 6.6522 63.8287 0.9167 0.4 0.3536 0.7071 0.6124
18.5019 8.8695 69.0499 0.9583 0.2 0.183 0.7071 0.683
19.0758 6.6522 71.1917 0.9583 0.4 0.183 0.7071 0.683
36.8515 6.6522 63.8287 0.9167 0.4 0.3536 0.7071 0.6124
18.5019 8.8695 69.0499 0.9583 0.2 0.183 0.7071 0.683
0 8.8695 71.4857 1 0.2 0 0.7071 0.7071
19.0758 6.6522 71.1917 0.9583 0.4 0.183 0.7071 0.683
0 8.8695 71.4857 1 0.2 0 0.7071 0.7071
0 6.6522 73.7031 1 0.4 0 0.7071 0.7071
19.0758 6.6522 71.1917 0.9583 0.4 0.183 0.7071 0.683
0 8.8695 71.4857 0 0.2 0 0.7071 0.7071
-18.5018 8.8695 69.0499 0.0417 0.2 -0.183 0.7071 0.683
0 6.6522 73.7031 0 0.4 0 0.7071 0.7071
-18.5018 8.8695 69.0499 0.0417 0.2 -0.183 0.7071 0.683
-19.0757 6.6522 71.1917 0.0417 0.4 -0.183 0.7071 0.683
0 6.6522 73.7031 0 0.4 0 0.7071 0.7071
-18.5018 8.8695 69.0499 0.0417 0.2 -0.183 0.7071 0.683
-35.7428 8.8695 61.9084 0.0833 0.2 -0.3536 0.7071 0.6124
-19.0757 6.6522 71.1917 0.0417 0.4 -0.183 0.7071 0.683
-35.7428 8.8695 61.9084 0.0833 0.2 -0.3536 0.7071 0.6124
-36.8515 6.6522 63.8287 0.0833 0.4 -0.3536 0.7071 0.6124
-19.0757 6.6522 71.1917 0.0417 0.4 -0.183 0.7071 0.683
-35.7428 8.8695 61.9084 0.4989 0.1519 -0.3536 0.7071 0.6124
-50.548 8.8695 50.548 0.3876 0.1519 -0.5 0.7071 0.5
-36.8515 6.6522 63.8287 0.5006 0.1332 -0.3536 0.7071 0.6124
-50.548 8.8695 50.548 0.3876 0.1519 -0.5 0.7071 0.5
-52.1159 6.6522 52.116 0.3858 0.1332 -0.5 0.7071 0.5
-36.8515 6.6522 63.8287 0.5006 0.1332 -0.3536 0.7071 0.6124
-50.548 8.8695 50.548 0.3876 0.1519 -0.5 0.7071 0.5
-61.9084 8.8695 35.7429 0.2801 0.1721 -0.6124 0.7071 0.3536
-52.1159 6.6522 52.116 0.3858 0.1332 -0.5 0.7071 0.5
-61.9084 8.8695 35.7429 0.2801 0.1721 -0.6124 0.7071 0.3536
-63.8287 6.6522 36.8516 0.275 0.1541 -0.6124 0.7071 0.3536
-52.1159 6.6522 52.116 0.3858 0.1332 -0.5 0.7071 0.5
-61.9084 8.8695 35.7429 0.2801 0.1721 -0.6124 0.7071 0.3536
-69.0499 8.8695 18.5019 0.1837 0.2113 -0.683 0.7071 0.183
-63.8287 6.6522 36.8516 0.275 0.1541 -0.6124 0.7071 0.3536
-69.0499 8.8695 18.5019 0.1837 0.2113 -0.683 0.7071 0.183
-71.1917 6.6522 19.0758 0.1756 0.1945 -0.683 0.7071 0.183
-63.8287 6.6522 36.8516 0.275 0.1541 -0.6124 0.7071 0.3536
-69.0499 8.8695 18.5019 0.1837 0.2113 -0.683 0.7071 0.183
-71.4857 8.8695 0 0.105 0.2667 -0.7071 0.7071 0
-71.1917 6.6522 19.0758 0.1756 0.1945 -0.683 0.7071 0.183
-71.4857 8.8695 0 0.105 0.2667 -0.7071 0.7071 0
-73.7031 6.6522 0 0.0945 0.2517 -0.7071 0.7071 0
-71.1917 6.6522 19.0758 0.1756 0.1945 -0.683 0.7071 0.183
-71.4857 8.8695 0 0.105 0.2667 -0.7071 0.7071 0
-69.0499 8.8695 -18.5018 0.0494 0.3346 -0.683 0.7071 -0.183
-73.7031 6.6522 0 0.0945 0.2517 -0.7071 0.7071 0
-69.0499 8.8695 -18.5018 0.0494 0.3346 -0.683 0.7071 -0.183
-71.1917 6.6522 -19.0757 0.0371 0.3216 -0.683 0.7071 -0.183
-73.7031 6.6522 0 0.0945 0.2517 -0.7071 0.7071 0
-69.0499 8.8695 -18.5018 0.8481 0.6819 -0.683 0.7071 -0.183
-61.9084 8.8695 -35.7428 0.8481 0.5706 -0.6124 0.7071 -0.3536
-71.1917 6.6522 -19.0757 0.8668 0.6836 -0.683 0.7071 -0.183
-61.9084 8.8695 -35.7428 0.8481 0.5706 -0.6124 0.7071 -0.3536
-63.8287 6.6522 -36.8515 0.8668 0.5689 -0.6124 0.7071 -0.3536
-71.1917 6.6522 -19.0757 0.8668 0.6836 -0.683 0.7071 -0.183
-61.9084 8.8695 -35.7428 0.8481 0.5706 -0.6124 0.7071 -0.3536
-50.548 8.8695 -50.548 0.8279 0.4631 -0.5 0.7071 -0.5
-63.8287 6.6522 -36.8515 0.8668 0.5689 -0.6124 0.7071 -0.3536
-50.548 8.8695 -50.548 0.8279 0.4631 -0.5 0.7071 -0.5
-52.116 6.6522 -52.1159 0.8459 0.458 -0.5 0.7071 -0.5
-63.8287 6.6522 -36.8515 0.8668 0.5689 -0.6124 0.7071 -0.3536
-50.548 8.8695 -50.548 0.8279 0.4631 -0.5 0.7071 -0.5
-35.7429 8.8695 -61.9084 0.7887 0.3667 -0.3536 0.7071 -0.6124
-52.116 6.6522 -52.1159 0.8459 0.458 -0.5 0.7071 -0.5
-35.7429 8.8695 -61.9084 0.7887 0.3667 -0.3536 0.7071 -0.6124
-36.8516 6.6522 -63.8287 0.8055 0.3587 -0.3536 0.7071 -0.6124
-52.116 6.6522 -52.1159 0.8459 0.458 -0.5 0.7071 -0.5
-35.7429 8.8695 -61.9084 0.7887 0.3667 -0.3536 0.7071 -0.6124
-18.5019 8.8695 -69.0499 0.7333 0.288 -0.183 0.7071 -0.683
-36.8516 6.6522 -63.8287 0.8055 0.3587 -0.3536 0.7071 -0.6124
-18.5019 8.8695 -69.0499 0.7333 0.288 -0.183 0.7071 -0.683
-19.0758 6.6522 -71.1917 0.7483 0.2776 -0.183 0.7071 -0.683
-36.8516 6.6522 -63.8287 0.8055 0.3587 -0.3536 0.7071 -0.6124
-18.5019 8.8695 -69.0499 0.7333 0.288 -0.183 0.7071 -0.683
-0 8.8695 -71.4857 0.6654 0.2324 -0 0.7071 -0.7071
-19.0758 6.6522 -71.1917 0.7483 0.2776 -0.183 0.7071 -0.683
-0 8.8695 -71.4857 0.6654 0.2324 -0 0.7071 -0.7071
-0 6.6522 -73.7031 0.6784 0.2202 -0 0.7071 -0.7071
-19.0758 6.6522 -71.1917 0.7483 0.2776 -0.183 0.7071 -0.683
-0 8.8695 -71.4857 0.925 0.4629 -0 0.7071 -0.7071
18.5018 8.8695 -69.0499 0.925 0.3516 0.183 0.7071 -0.683
-0 6.6522 -73.7031 0.9436 0.4646 -0 0.7071 -0.7071
18.5018 8.8695 -69.0499 0.925 0.3516 0.183 0.7071 -0.683
19.0757 6.6522 -71.1917 0.9436 0.3498 0.183 0.7071 -0.683
-0 6.6522 -73.7031 0.9436 0.4646 -0 0.7071 -0.7071
18.5018 8.8695 -69.0499 0.925 0.3516 0.183 0.7071 -0.683
35.7428 8.8695 -61.9084 0.9047 0.2441 0.3536 0.7071 -0.6124
19.0757 6.6522 -71.1917 0.9436 0.3498 0.183 0.7071 -0.683
35.7428 8.8695 -61.9084 0.9047 0.2441 0.3536 0.7071 -0.6124
36.8515 6.6522 -63.8287 0.9227 0.239 0.3536 0.7071 -0.6124
19.0757 6.6522 -71.1917 0.9436 0.3498 0.183 0.7071 -0.683
35.7428 8.8695 -61.9084 0.9047 0.2441 0.3536 0.7071 -0.6124
50.548 8.8695 -50.548 0.8656 0.1477 0.5 0.7071 -0.5
36.8515 6.6522 -63.8287 0.9227 0.239 0.3536 0.7071 -0.6124
50.548 8.8695 -50.548 0.8656 0.1477 0.5 0.7071 -0.5
52.1159 6.6522 -52.116 0.8823 0.1397 0.5 0.7071 -0.5
36.8515 6.6522 -63.8287 0.9227 0.239 0.3536 0.7071 -0.6124
50.548 8.8695 -50.548 0.8656 0.1477 0.5 0.7071 -0.5
61.9084 8.8695 -35.7429 0.8102 0.069 0.6124 0.7071 -0.3536
52.1159 6.6522 -52.116 0.8823 0.1397 0.5 0.7071 -0.5
61.9084 8.8695 -35.7429 0.8102 0.069 0.6124 0.7071 -0.3536
63.8287 6.6522 -36.8516 0.8252 0.0585 0.6124 0.7071 -0.3536
52.1159 6.6522 -52.116 0.8823 0.1397 0.5 0.7071 -0.5
61.9084 8.8695 -35.7429 0.6667 0.2 0.6124 0.7071 -0.3536
69.0499 8.8695 -18.5019 0.7083 0.2 0.683 0.7071 -0.183
63.8287 6.6522 -36.8516 0.6667 0.4 0.6124 0.7071 -0.3536
69.0499 8.8695 -18.5019 0.7083 0.2 0.683 0.7071 -0.183
71.1917 6.6522 -19.0758 0.7083 0.4 0.683 0.7071 -0.183
63.8287 6.6522 -36.8516 0.6667 0.4 0.6124 0.7071 -0.3536
69.0499 8.8695 -18.5019 0.7083 0.2 0.683 0.7071 -0.183
71.4857 8.8695 0 0.75 0.2 0.7071 0.7071 -0
71.1917 6.6522 -19.0758 0.7083 0.4 0.683 0.7071 -0.183
71.4857 8.8695 0 0.75 0.2 0.7071 0.7071 -0
73.7031 6.6522 0 0.75 0.4 0.7071 0.7071 -0
71.1917 6.6522 -19.0758 0.7083 0.4 0.683 0.7071 -0.183
69.2683 11.0869 0 0.75 0 0.7071 0.7071 -0
66.908 11.0869 17.928 0.7917 0 0.683 0.7071 0.183
71.4857 8.8695 0 0.75 0.2 0.7071 0.7071 -0
66.908 11.0869 17.928 0.7917 0 0.683 0.7071 0.183
69.0499 8.8695 18.5019 0.7917 0.2 0.683 0.7071 0.183
71.4857 8.8695 0 0.75 0.2 0.7071 0.7071 -0
66.908 11.0869 17.928 0.7917 0 0.683 0.7071 0.183
59.9881 11.0869 34.6342 0.8333 0 0.6124 0.7071 0.3536
69.0499 8.8695 18.5019 0.7917 0.2 0.683 0.7071 0.183
59.9881 11.0869 34.6342 0.8333 0 0.6124 0.7071 0.3536
61.9084 8.8695 35.7428 0.8333 0.2 0.6124 0.7071 0.3536
69.0499 8.8695 18.5019 0.7917 0.2 0.683 0.7071 0.183
59.9881 11.0869 34.6342 0.8333 0 0.6124 0.7071 0.3536
48.9801 11.0869 48.9801 0.875 0 0.5 0.7071 0.5
61.9084 8.8695 35.7428 0.8333 0.2 0.6124 0.7071 0.3536
48.9801 11.0869 48.9801 0.875 0 0.5 0.7071 0.5
50.548 8.8695 50.548 0.875 0.2 0.5 0.7071 0.5
61.9084 8.8695 35.7428 0.8333 0.2 0.6124 0.7071 0.3536
48.9801 11.0869 48.9801 0.875 0 0.5 0.7071 0.5
34.6341 11.0869 59.9881 0.9167 0 0.3536 0.7071 0.6124
50.548 8.8695 50.548 0.875 0.2 0.5 0.7071 0.5
34.6341 11.0869 59.9881 0.9167 0 0.3536 0.7071 0.6124
35.7428 8.8695 61.9084 0.9167 0.2 0.3536 0.7071 0.6124
50.548 8.8695 50.548 0.875 0.2 0.5 0.7071 0.5
34.6341 11.0869 59.9881 0.9167 0 0.3536 0.7071 0.6124
17.928 11.0869 66.9081 0.9583 0 0.183 0.7071 0.683
35.7428 8.8695 61.9084 0.9167 0.2 0.3536 0.7071 0.6124
17.928 11.0869 66.9081 0.9583 0 0.183 0.7071 0.683
18.5019 8.8695 69.0499 0.9583 0.2 0.183 0.7071 0.683
35.7428 8.8695 61.9084 0.9167 0.2 0.3536 0.7071 0.6124
17.928 11.0869 66.9081 0.9583 0 0.183 0.7071 0.683
0 11.0869 69.2683 1 0 -0 0.7071 0.7071
18.5019 8.8695 69.0499 0.9583 0.2 0.183 0.7071 0.683
0 11.0869 69.2683 1 0 -0 0.7071 0.7071
0 8.8695 71.4857 1 0.2 0 0.7071 0.7071
18.5019 8.8695 69.0499 0.9583 0.2 0.183 0.7071 0.683
0 11.0869 69.2683 0 0 -0 0.7071 0.7071
-17.9279 11.0869 66.9081 0.0417 0 -0.183 0.7071 0.683
0 8.8695 71.4857 0 0.2 0 0.7071 0.7071
-17.9279 11.0869 66.9081 0.0417 0 -0.183 0.7071 0.683
-18.5018 8.8695 69.0499 0.0417 0.2 -0.183 0.7071 0.683
0 8.8695 71.4857 0 0.2 0 0.7071 0.7071
-17.9279 11.0869 66.9081 0.0417 0 -0.183 0.7071 0.683
-34.6341 11.0869 59.9881 0.0833 0 -0.3536 0.7071 0.6124
-18.5018 8.8695 69.0499 0.0417 0.2 -0.183 0.7071 0.683
-34.6341 11.0869 59.9881 0.0833 0 -0.3536 0.7071 0.6124
-35.7428 8.8695 61.9084 0.0833 0.2 -0.3536 0.7071 0.6124
-18.5018 8.8695 69.0499 0.0417 0.2 -0.183 0.7071 0.683
-34.6341 11.0869 59.9881 0.4971 0.1705 -0.3536 0.7071 0.6124
-48.9801 11.0869 48.9801 0.3893 0.1705 -0.5 0.7071 0.5
-35.7428 8.8695 61.9084 0.4989 0.1519 -0.3536 0.7071 0.6124
-48.9801 11.0869 48.9801 0.3893 0.1705 -0.5 0.7071 0.5
-50.548 8.8695 50.548 0.3876 0.1519 -0.5 0.7071 0.5
-35.7428 8.8695 61.9084 0.4989 0.1519 -0.3536 0.7071 0.6124
-48.9801 11.0869 48.9801 0.3893 0.1705 -0.5 0.7071 0.5
-59.9881 11.0869 34.6342 0.2851 0.1901 -0.6124 0.7071 0.3536
-50.548 8.8695 50.548 0.3876 0.1519 -0.5 0.7071 0.5
-59.9881 11.0869 34.6342 0.2851 0.1901 -0.6124 0.7071 0.3536
-61.9084 8.8695 35.7429 0.2801 0.1721 -0.6124 0.7071 0.3536
-50.548 8.8695 50.548 0.3876 0.1519 -0.5 0.7071 0.5
-59.9881 11.0869 34.6342 0.2851 0.1901 -0.6124 0.7071 0.3536
-66.908 11.0869 17.928 0.1917 0.2281 -0.683 0.7071 0.183
-61.9084 8.8695 35.7429 0.2801 0.1721 -0.6124 0.7071 0.3536
-66.908 11.0869 17.928 0.1917 0.2281 -0.683 0.7071 0.183
-69.0499 8.8695 18.5019 0.1837 0.2113 -0.683 0.7071 0.183
-61.9084 8.8695 35.7429 0.2801 0.1721 -0.6124 0.7071 0.3536
-66.908 11.0869 17.928 0.1917 0.2281 -0.683 0.7071 0.183
-69.2683 11.0869 0 0.1155 0.2818 -0.7071 0.7071 0
-69.0499 8.8695 18.5019 0.1837 0.2113 -0.683 0.7071 0.183
-69.2683 11.0869 0 0.1155 0.2818 -0.7071 0.7071 0
-71.4857 8.8695 0 0.105 0.2667 -0.7071 0.7071 0
-69.0499 8.8695 18.5019 0.1837 0.2113 -0.683 0.7071 0.183
-69.2683 11.0869 0 0.1155 0.2818 -0.7071 0.7071 0
-66.9081 11.0869 -17.9279 0.0616 0.3475 -0.683 0.7071 -0.183
-71.4857 8.8695 0 0.105 0.2667 -0.7071 0.7071 0
-66.9081 11.0869 -17.9279 0.0616 0.3475 -0.683 0.7071 -0.183
-69.0499 8.8695 -18.5018 0.0494 0.3346 -0.683 0.7071 -0.183
-71.4857 8.8695 0 0.105 0.2667 -0.7071 0.7071 0
-66.9081 11.0869 -17.9279 0.8295 0.6802 -0.683 0.7071 -0.183
-59.9881 11.0869 -34.6341 0.8295 0.5723 -0.6124 0.7071 -0.3536
-69.0499 8.8695 -18.5018 0.8481 0.6819 -0.683 0.7071 -0.183
-59.9881 11.0869 -34.6341 0.8295 0.5723 -0.6124 0.7071 -0.3536
-61.9084 8.8695 -35.7428 0.8481 0.5706 -0.6124 0.7071 -0.3536
-69.0499 8.8695 -18.5018 0.8481 0.6819 -0.683 0.7071 -0.183
-59.9881 11.0869 -34.6341 0.8295 0.5723 -0.6124 0.7071 -0.3536
-48.9801 11.0869 -48.9801 0.8099 0.4682 -0.5 0.7071 -0.5
-61.9084 8.8695 -35.7428 0.8481 0.5706 -0.6124 0.7071 -0.3536
-48.9801 11.0869 -48.9801 0.8099 0.4682 -0.5 0.7071 -0.5
-50.548 8.8695 -50.548 0.8279 0.4631 -0.5 0.7071 -0.5
-61.9084 8.8695 -35.7428 0.8481 0.5706 -0.6124 0.7071 -0.3536
-48.9801 11.0869 -48.9801 0.8099 0.4682 -0.5 0.7071 -0.5
-34.6342 11.0869 -59.9881 0.7719 0.3748 -0.3536 0.7071 -0.6124
-50.548 8.8695 -50.548 0.8279 0.4631 -0.5 0.7071 -0.5
-34.6342 11.0869 -59.9881 0.7719 0.3748 -0.3536 0.7071 -0.6124
-35.7429 8.8695 -61.9084 0.7887 0.3667 -0.3536 0.7071 -0.6124
-50.548 8.8695 -50.548 0.8279 0.4631 -0.5 0.7071 -0.5
-34.6342 11.0869 -59.9881 0.7719 0.3748 -0.3536 0.7071 -0.6124
-17.928 11.0869 -66.908 0.7182 0.2985 -0.183 0.7071 -0.683
-35.7429 8.8695 -61.9084 0.7887 0.3667 -0.3536 0.7071 -0.6124
-17.928 11.0869 -66.908 0.7182 0.2985 -0.183 0.7071 -0.683
-18.5019 8.8695 -69.0499 0.7333 0.288 -0.183 0.7071 -0.683
-35.7429 8.8695 -61.9084 0.7887 0.3667 -0.3536 0.7071 -0.6124
-17.928 11.0869 -66.908 0.7182 0.2985 -0.183 0.7071 -0.683
-0 11.0869 -69.2683 0.6525 0.2446 -0 0.7071 -0.7071
-18.5019 8.8695 -69.0499 0.7333 0.288 -0.183 0.7071 -0.683
-0 11.0869 -69.2683 0.6525 0.2446 -0 0.7071 -0.7071
-0 8.8695 -71.4857 0.6654 0.2324 -0 0.7071 -0.7071
-18.5019 8.8695 -69.0499 0.7333 0.288 -0.183 0.7071 -0.683
-0 11.0869 -69.2683 0.9064 0.4611 -0 0.7071 -0.7071
17.9279 11.0869 -66.908 0.9064 0.3533 0.183 0.7071 -0.683
-0 8.8695 -71.4857 0.925 0.4629 -0 0.7071 -0.7071
17.9279 11.0869 -66.908 0.9064 0.3533 0.183 0.7071 -0.683
18.5018 8.8695 -69.0499 0.925 0.3516 0.183 0.7071 -0.683
-0 8.8695 -71.4857 0.925 0.4629 -0 0.7071 -0.7071
17.9279 11.0869 -66.908 0.9064 0.3533 0.183 0.7071 -0.683
34.6341 11.0869 -59.9881 0.8867 0.2491 0.3536 0.7071 -0.6124
18.5018 8.8695 -69.0499 0.925 0.3516 0.183 0.7071 -0.683
34.6341 11.0869 -59.9881 0.8867 0.2491 0.3536 0.7071 -0.6124
35.7428 8.8695 -61.9084 0.9047 0.2441 0.3536 0.7071 -0.6124
18.5018 8.8695 -69.0499 0.925 0.3516 0.183 0.7071 -0.683
34.6341 11.0869 -59.9881 0.8867 0.2491 0.3536 0.7071 -0.6124
48.9801 11.0869 -48.9801 0.8488 0.1558 0.5 0.7071 -0.5
35.7428 8.8695 -61.9084 0.9047 0.2441 0.3536 0.7071 -0.6124
48.9801 11.0869 -48.9801 0.8488 0.1558 0.5 0.7071 -0.5
50.548 8.8695 -50.548 0.8656 0.1477 0.5 0.7071 -0.5
35.7428 8.8695 -61.9084 0.9047 0.2441 0.3536 0.7071 -0.6124
48.9801 11.0869 -48.9801 0.8488 0.1558 0.5 0.7071 -0.5
59.9881 11.0869 -34.6342 0.7951 0.0795 0.6124 0.7071 -0.3536
50.548 8.8695 -50.548 0.8656 0.1477 0.5 0.7071 -0.5
59.9881 11.0869 -34.6342 0.7951 0.0795 0.6124 0.7071 -0.3536
61.9084 8.8695 -35.7429 0.8102 0.069 0.6124 0.7071 -0.3536
50.548 8.8695 -50.548 0.8656 0.1477 0.5 0.7071 -0.5
59.9881 11.0869 -34.6342 0.6667 0 0.6124 0.7071 -0.3536
66.908 11.0869 -17.928 0.7083 0 0.683 0.7071 -0.183
61.9084 8.8695 -35.7429 0.6667 0.2 0.6124 0.7071 -0.3536
66.908 11.0869 -17.928 0.7083 0 0.683 0.7071 -0.183
69.0499 8.8695 -18.5019 0.7083 0.2 0.683 0.7071 -0.183
61.9084 8.8695 -35.7429 0.6667 0.2 0.6124 0.7071 -0.3536
66.908 11.0869 -17.928 0.7083 0 0.683 0.7071 -0.183
69.2683 11.0869 0 0.75 0 0.7071 0.7071 -0
69.0499 8.8695 -18.5019 0.7083 0.2 0.683 0.7071 -0.183
69.2683 11.0869 0 0.75 0 0.7071 0.7071 -0
71.4857 8.8695 0 0.75 0.2 0.7071 0.7071 -0
69.0499 8.8695 -18.5019 0.7083 0.2 0.683 0.7071 -0.183
66.908 11.0869 17.928 0.0303 0.7509 0 1 0
69.2683 11.0869 0 0.0014 0.647 0 1 0
0 11.0869 0 0.4105 0.5895 0 1 0
59.9881 11.0869 34.6342 0.085 0.8438 0 1 0
66.908 11.0869 17.928 0.0303 0.7509 0 1 0
0 11.0869 0 0.4105 0.5895 0 1 0
48.9801 11.0869 48.9801 0.1619 0.9194 0 1 0
59.9881 11.0869 34.6342 0.085 0.8438 0 1 0
0 11.0869 0 0.4105 0.5895 0 1 0
34.6341 11.0869 59.9881 0.2558 0.9725 0 1 0
48.9801 11.0869 48.9801 0.1619 0.9194 0 1 0
0 11.0869 0 0.4105 0.5895 0 1 0
17.928 11.0869 66.9081 0.3602 0.9995 0 1 0
34.6341 11.0869 59.9881 0.2558 0.9725 0 1 0
0 11.0869 0 0.4105 0.5895 0 1 0
0 11.0869 69.2683 0.468 0.9986 0 1 0
17.928 11.0869 66.9081 0.3602 0.9995 0 1 0
0 11.0869 0 0.4105 0.5895 0 1 0
-17.9279 11.0869 66.9081 0.5719 0.9697 0 1 0
0 11.0869 69.2683 0.468 0.9986 0 1 0
0 11.0869 0 0.4105 0.5895 0 1 0
-34.6341 11.0869 59.9881 0.6648 0.915 0 1 0
-17.9279 11.0869 66.9081 0.5719 0.9697 0 1 0
0 11.0869 0 0.4105 0.5895 0 1 0
-48.9801 11.0869 48.9801 0.7404 0.8381 0 1 0
-34.6341 11.0869 59.9881 0.6648 0.915 0 1 0
0 11.0869 0 0.4105 0.5895 0 1 0
-59.9881 11.0869 34.6342 0.7935 0.7442 0 1 0
-48.9801 11.0869 48.9801 0.7404 0.8381 0 1 0
0 11.0869 0 0.4105 0.5895 0 1 0
-66.908 11.0869 17.928 0.8205 0.6398 0 1 0
-59.9881 11.0869 34.6342 0.7935 0.7442 0 1 0
0 11.0869 0 0.4105 0.5895 0 1 0
-69.2683 11.0869 0 0.8195 0.532 0 1 0
-66.908 11.0869 17.928 0.8205 0.6398 0 1 0
0 11.0869 0 0.4105 0.5895 0 1 0
-66.9081 11.0869 -17.9279 0.7907 0.4281 0 1 0
-69.2683 11.0869 0 0.8195 0.532 0 1 0
0 11.0869 0 0.4105 0.5895 0 1 0
-59.9881 11.0869 -34.6341 0.736 0.3352 0 1 0
-66.9081 11.0869 -17.9279 0.7907 0.4281 0 1 0
0 11.0869 0 0.4105 0.5895 0 1 0
-48.9801 11.0869 -48.9801 0.6591 0.2596 0 1 0
-59.9881 11.0869 -34.6341 0.736 0.3352 0 1 0
0 11.0869 0 0.4105 0.5895 0 1 0
-34.6342 11.0869 -59.9881 0.5652 0.2065 0 1 0
-48.9801 11.0869 -48.9801 0.6591 0.2596 0 1 0
0 11.0869 0 0.4105 0.5895 0 1 0
-17.928 11.0869 -66.908 0.4608 0.1795 0 1 0
-34.6342 11.0869 -59.9881 0.5652 0.2065 0 1 0
0 11.0869 0 0.4105 0.5895 0 1 0
-0 11.0869 -69.2683 0.353 0.1805 0 1 0
-17.928 11.0869 -66.908 0.4608 0.1795 0 1 0
0 11.0869 0 0.4105 0.5895 0 1 0
17.9279 11.0869 -66.908 0.2491 0.2093 0 1 0
-0 11.0869 -69.2683 0.353 0.1805 0 1 0
0 11.0869 0 0.4105 0.5895 0 1 0
34.6341 11.0869 -59.9881 0.1562 0.264 0 1 0
17.9279 11.0869 -66.908 0.2491 0.2093 0 1 0
0 11.0869 0 0.4105 0.5895 0 1 0
48.9801 11.0869 -48.9801 0.0806 0.3409 0 1 0
34.6341 11.0869 -59.9881 0.1562 0.264 0 1 0
0 11.0869 0 0.4105 0.5895 0 1 0
59.9881 11.0869 -34.6342 0.0275 0.4348 0 1 0
48.9801 11.0869 -48.9801 0.0806 0.3409 0 1 0
0 11.0869 0 0.4105 0.5895 0 1 0
66.908 11.0869 -17.928 0.0005 0.5392 0 1 0
59.9881 11.0869 -34.6342 0.0275 0.4348 0 1 0
0 11.0869 0 0.4105 0.5895 0 1 0
69.2683 11.0869 0 0.0014 0.647 0 1 0
66.908 11.0869 -17.928 0.0005 0.5392 0 1 0
0 11.0869 0 0.4105 0.5895 0 1 0
